94265
94266
94268
140050
89309
133814
106833
99194
89129
99210
142179
99221
99223
124292
100703
95942
99227
124295
100705
142186
144950
127705
97221
99234
100706
144952
127708
127820
142190
98218
100723
100712
127713
133815
146101
98937
142919
128454
100724
118230
100716
127855
127857
133825
132641
119781
103823
94350
99025
94352
118261
119783
124432
118266
152640
103661
101490
152539
142127
153189
114523
119846
119850
146129
166491
114326
142764
159115
119398
112975
119638
167214
120008
151332
112035
113690
173031
145982
119639
179152
166502
151334
166443
184309
119647
152062
119649
185485
166445
185491
166446
119656
166448
185496
186001
152646
166504
119661
186004
119668
166505
166507
186009
152654
119683
166449
119690
153166
119694
166450
187042
153171
119696
153197
187043
166451
153199
187632
166511
153203
166453
119708
166454
153204
119715
188852
153214
166512
153215
166513
119723
188857
166459
166516
124413
166517
188858
124414
166461
153216
188859
126322
166518
153220
166519
188860
126323
166520
127752
153229
166522
166523
188865
128352
166524
166462
131122
188866
153233
166525
188870
153235
166463
166527
188871
153241
137993
188872
166528
153244
188873
137997
166529
166530
188879
166465
153667
138002
166532
153668
138004
166466
138014
166534
153669
188894
166535
138028
188898
166537
166468
153678
138824
166538
188905
166469
139143
157058
139935
188907
157060
142695
166539
157062
145928
166540
166471
191024
157069
145943
159367
166541
191036
166472
165588
148622
191044
166473
165589
166542
166546
166474
165734
166475
166477
166762
191059
166763
191062
151421
191073
166548
195773
151423
167113
151429
167141
208360
167258
167276
167148
167283
166478
167153
167155
167292
151431
166480
167302
211890
167157
152304
167314
213439
166481
214507
167159
166482
152305
167053
167162
168039
167169
152306
168675
214514
167170
167065
168678
152318
167066
218222
171982
167071
167171
172184
219054
152341
167072
167076
167174
219055
152344
173033
173035
167178
219056
152357
167080
167189
152359
173036
219058
167083
168004
155712
167087
155713
173037
170836
220256
167090
183583
180583
155722
167092
155729
183591
220261
183012
183592
167104
155732
220274
167107
155741
184315
183606
158399
167117
220277
183608
184618
167120
158400
184298
222464
167131
184693
167133
159220
222466
159235
184299
184695
167140
223906
159238
185973
167142
159246
185526
223910
169714
165613
185538
188177
186243
169719
165616
186246
188767
170794
166305
186248
170798
225531
188770
170799
186249
166308
188778
166321
225544
188787
170802
186250
170812
166323
226231
188791
188794
186254
226252
170813
166333
170815
186257
230366
170816
166869
170818
230367
186258
166874
187642
230373
170821
166879
188659
230375
170823
166893
188660
188917
170824
230376
166896
188924
188930
188933
188941
167982
230391
191084
191094
191106
197483
167987
230394
200683
200778
167988
201387
232666
168759
235042
203943
168761
204010
168763
235044
204012
235045
207346
237282
208443
238204
238213
238217
208894
238911
209242
210211
239560
239562
239563
239566
211494
239576
239577
211902
239581
211904
239583
211912
239585
211913
239586
213108
239587
213116
239593
214200
239594
215216
239595
216840
239597
218348
239602
222066
239603
222069
240607
222472
240610
222474
241426
222477
241428
222483
244153
223564
244154
229862
244157
229863
244160
229871
244161
229873
244162
229874
244169
229877
246932
229882
248514
229887
248516
230401
248520
230409
248521
230412
248526
230423
249832
231992
252190
231994
252388
234435
252399
234436
254588
234443
254591
234452
254602
255589
262366
265926
266064
266069
267886
267887
267893
267908
267909
267923
268346
268347
268349
269811
271311
273013
273015
274209
274211
274214
274215
277204
277205
119886
145951
120011
112041
114373
147988
140033
114476
131731
166396
114147
152381
144823
114788
131734
166397
114176
152382
199197
172090
211690
145015
146183
167045
145017
145021
185294
218909
152185
197465
225372
152255
232475
199126
151339
232476
153315
225399
199128
153426
199138
232477
153266
157126
225413
232478
157135
183337
225414
153289
225415
189004
153295
189011
190632
225416
249526
153296
271166
254385
190621
199023
225417
225418
254392
271171
190628
153300
254395
190629
291404
153679
254399
155028
308684
318978
254402
318983
191130
156823
254404
191143
230234
156958
455857
255471
197487
230235
466259
485684
232508
198993
272829
272841
272844
272845
272858
272866
272873
272875
272878
272879
274071
278207
278217
278218
280302
281748
286362
286393
286687
286915
287272
287273
287678
288059
288060
288061
288067
288498
290501
290502
291312
291323
291335
291336
291342
291344
291350
291352
291355
291356
291365
292026
292029
293302
293306
293805
293812
294401
294402
294423
294427
294448
294452
294464
295354
295390
295431
295843
296355
296356
297085
297090
298098
299681
299706
301718
301719
301720
301725
301727
303261
304113
311651
312995
340889
340893
345186
350979
350986
357309
357328
357335
364768
372177
372181
372187
372190
372213
380930
380935
393398
393697
393700
393703
396637
396640
397843
403465
408797
414920
420697
422651
424463
424465
424484
430963
431901
438467
439532
440043
440044
441530
449932
453169
453173
455844
455851
457192
457195
457211
465034
465043
471679
471680
473148
477977
485644
493926
496829
501378
504325
504326
504328
504329
504330
504333
504335
504341
504343
504353
504355
504363
507443
507444
507446
507447
507448
508350
508354
508357
509274
509276
509758
514780
514868
515364
516015
522327
522355
522382
524246
524286
529707
529711
531732
531741
531750
537553
541005
541201
541215
541229
541232
541233
541235
541254
541307
541363
541372
543125
543731
546840
548761
550352
550356
550359
550362
550386
550389
550391
550393
550394
551157
553674
554396
554410
554414
558619
558621
563778
563799
563805
563841
563868
563880
566454
566455
567469
567497
567500
570154
570200
570204
570207
570208
570209
570211
570218
574517
574521
574530
574531
574532
574533
574534
574538
574544
574545
578821
578822
581149
583854
583863
583876
583884
583891
583892
583893
583895
583896
583897
583911
583914
583923
583928
583935
583938
583939
583944
583951
583955
586110
586113
586126
586127
586140
586146
586787
587892
588967
588974
589022
590495
590496
592126
598695
598743
598760
598788
598802
601799
602409
602421
602422
603710
604942
604944
604945
608436
609439
609442
609473
615100
626619
626624
626626
632470
642001
642003
642004
642014
642015
642025
642039
642043
642059
642064
642099
642973
645103
645116
645122
645125
645143
645145
649467
649469
649486
649503
200703
201390
238691
198997
507484
200694
239468
507485
200804
239469
508370
230520
509766
200808
200809
589061
225289
157077
226377
239472
234744
239473
159102
234745
234746
235134
241261
204021
619459
211520
235139
244104
237196
244105
237198
244113
237209
246845
223967
223972
237226
246855
229968
223988
229971
237228
246863
226037
237233
249605
226038
237234
249617
237313
249626
226326
237324
249637
244284
237344
249648
249650
249658
244286
226352
244288
229762
241477
244289
229884
244290
244329
229892
351031
244330
244293
229900
357395
244332
229902
244297
248605
372304
244298
229903
245137
246713
246802
246812
246934
248558
248578
248580
248585
248594
249061
249063
249067
249075
249078
249085
249894
249897
249907
250620
250645
252205
252469
252470
252475
252478
252480
252484
254231
254243
254246
254247
254262
254265
254634
254635
255359
255360
255373
255598
255600
255802
261354
261355
261356
261359
261360
261361
261363
261364
261367
261368
261369
261371
261372
261373
261374
261375
261377
261378
261379
261383
261385
261386
261389
261605
262335
262337
262338
262340
265513
265515
265516
265518
265875
265876
265877
265878
265879
265947
266004
266007
266008
266100
266101
266102
266186
266187
266188
266189
266190
266192
266193
266194
266195
266196
266197
266199
266200
266201
266202
266203
266204
266206
266429
266430
266431
266432
266489
266519
266520
266521
266522
266523
266524
266525
266526
266527
266528
266529
266775
266777
267278
267281
267282
267284
267285
267286
267291
267295
267296
267301
267304
267305
267306
267307
267946
267947
267948
267951
268191
268193
268194
268195
268196
268197
268198
268199
268200
268201
268202
268203
268204
268206
268207
268209
268211
268212
268215
268217
268219
268221
268224
268971
268972
268974
268975
268976
268977
268978
268979
268980
268981
268983
268984
268985
268986
268987
268988
268989
268990
268991
269812
270026
270717
270747
271331
271354
271386
271388
271875
272569
272591
272603
272607
272621
272622
272627
272637
272641
273932
274262
277220
278166
278170
278171
278173
278176
278177
279809
279811
279814
279815
279818
284353
284481
284482
286291
286302
286308
286313
286485
286487
286672
286839
286860
286865
287179
287202
287204
287207
287208
287209
287425
287429
288001
288015
288020
288025
288348
288913
289927
289952
289955
290413
290423
290425
290426
290683
290692
290695
291070
291079
291090
291095
291099
291116
291121
291127
291128
291575
291576
291996
292212
292214
292464
292552
293000
293191
293198
293210
293224
293227
293564
293567
293574
293975
293982
293988
294201
294344
294346
294996
295793
296050
296328
296448
296452
296930
296951
296955
296958
296961
296967
296974
296978
296987
296990
296991
296993
296995
297011
299456
299457
299580
299666
301748
302924
303016
303019
303021
303054
303069
303078
303635
303639
303650
303666
303672
303680
303684
304089
304091
304097
304149
304416
304423
304429
306327
306334
306335
306494
306497
308621
309556
309558
311627
312837
312878
312884
312905
312910
312919
312929
312930
312936
312937
314391
314395
314397
318880
318883
318885
319095
326378
344990
345061
345404
347608
350871
350878
350882
350884
350885
350886
350887
350888
350893
350895
350901
350906
351083
357134
357148
357172
357174
357176
357179
358687
358810
362200
371988
372007
372560
372567
372572
372574
375910
375911
380589
380625
380664
393121
393626
393628
393639
393640
393644
396590
398212
401410
402365
402370
402375
402378
402396
402418
402433
402441
402442
402443
403374
403387
403394
408700
408957
411749
412509
419228
419235
419237
420752
421137
421465
421468
421879
421881
421890
421893
421904
421907
421911
424415
424422
424429
427748
429623
431071
431706
434170
438442
438530
438537
439476
439996
441048
441055
442161
442168
442174
442180
442182
442184
442192
442202
442911
445462
449735
449749
451401
451402
451403
451404
451407
451410
453189
453192
453581
453582
453664
453675
455822
458602
458656
458681
458698
458699
458958
458960
464895
465796
466216
466229
473105
477158
477887
483858
483917
483924
483933
484087
485459
485485
485488
485817
485819
491020
496927
504155
504182
504195
504200
504213
504219
504565
507321
508330
508332
508333
509706
509714
510805
510808
513462
513466
513467
524072
524099
524101
524499
524901
524904
524908
528782
531803
538867
540563
540586
540722
540723
540729
540732
540757
540777
543113
546229
548593
549146
549162
550306
550308
550655
550668
550673
551071
551356
551357
551366
553622
554374
563618
563632
563633
563635
563643
563649
563659
563664
563685
563691
563705
563708
565531
566054
566370
566375
567315
567320
567326
567343
567606
567609
567610
569928
569936
569939
569963
569985
569988
569989
569990
570000
570003
570023
570060
570082
570089
570305
574385
574410
577284
577293
578477
578503
578522
578525
578551
578558
578563
579260
579273
581095
581123
583614
583618
583619
583632
583652
583655
583657
583658
583659
583664
583667
583669
583683
584441
584448
584462
584471
586033
586036
586048
586049
586051
586055
586059
586060
587881
587902
588887
588889
588892
591933
592403
596071
596208
596227
598462
598573
598577
598578
598585
602565
602566
603164
603173
603213
603233
607050
607065
607492
607493
607494
609348
609360
609709
610329
611120
611125
611588
611589
611591
611593
611594
611598
611599
611601
611602
611611
611615
611618
611619
611620
611621
611622
611624
611631
614971
614989
615144
615269
615296
615301
615304
615314
615320
615327
615942
615945
615961
615964
622100
622305
622308
622311
622312
622317
622732
622749
623863
623867
624152
627483
627504
627512
629380
632320
636813
636847
641555
641598
641607
641609
641620
641621
641623
641637
641662
641676
641680
641684
641687
641688
641691
642368
642372
642375
642981
642982
644965
644972
645521
645522
649376
649393
649394
649395
649396
649804
649873
649874
649876
649877
649878
649879
649880
649881
649882
649884
249186
229907
397912
252323
252324
229908
455866
229912
477988
485716
229913
514952
254646
229918
550457
255381
574600
252441
286323
252462
255349
584027
286673
584029
286674
257921
584030
286676
442091
442121
450146
451395
465809
485371
509083
540589
553600
553602
569834
574381
577282
627468
627469
